[Variables]
ercf_calib_0 = 1.0
ercf_calib_1 = 0.99973670934
ercf_calib_10 = 1.0
ercf_calib_11 = 1.0
ercf_calib_2 = 1.00088188312
ercf_calib_3 = 0.997454205438
ercf_calib_4 = 1.00897215238
ercf_calib_5 = 1.00088188312
ercf_calib_6 = 1.00202968344
ercf_calib_7 = 1.0
ercf_calib_8 = 1.0
ercf_calib_9 = 1.0
ercf_calib_ref = 1139.958772

